111 94
111 99
112 90
112 91
112 92
112 93
112 94
112 95
112 96
112 97
112 98
112 99
112 100
113 89
113 90
113 91
113 92
113 93
113 94
113 95
113 96
113 97
113 98
113 99
113 100
113 101
114 88
114 89
114 90
114 91
114 92
114 93
114 94
114 95
114 96
114 97
114 98
114 99
114 100
114 101
114 102
115 87
115 88
115 89
115 90
115 91
115 92
115 93
115 94
115 95
115 96
115 97
115 98
115 99
115 100
115 101
115 102
115 103
116 85
116 86
116 87
116 88
116 89
116 90
116 91
116 92
116 93
116 94
116 95
116 96
116 97
116 98
116 99
116 100
116 101
116 102
116 103
116 104
117 84
117 85
117 86
117 87
117 88
117 89
117 90
117 91
117 92
117 93
117 94
117 95
117 96
117 97
117 98
117 99
117 100
117 101
117 102
117 103
117 104
117 105
117 106
118 85
118 86
118 87
118 88
118 89
118 90
118 91
118 92
118 93
118 94
118 95
118 96
118 97
118 98
118 99
118 100
118 101
118 102
118 103
118 104
118 105
118 106
118 107
119 84
119 85
119 86
119 87
119 88
119 89
119 90
119 91
119 92
119 93
119 94
119 95
119 96
119 97
119 98
119 99
119 100
119 101
119 102
119 103
119 104
119 105
119 106
119 107
120 84
120 85
120 86
120 87
120 88
120 89
120 90
120 91
120 92
120 93
120 94
120 95
120 96
120 97
120 98
120 99
120 100
120 101
120 102
120 103
120 104
120 105
120 106
120 107
120 108
121 86
121 87
121 88
121 89
121 90
121 91
121 92
121 93
121 94
121 95
121 96
121 97
121 98
121 99
121 100
121 101
121 102
121 103
121 104
121 105
121 106
121 107
121 108
122 87
122 88
122 89
122 90
122 91
122 92
122 93
122 94
122 95
122 96
122 97
122 98
122 99
122 100
122 101
122 102
122 103
122 104
122 105
122 106
122 107
122 108
123 90
123 91
123 92
123 93
123 94
123 95
123 96
123 97
123 98
123 99
123 100
123 101
123 102
123 103
123 104
123 105
123 106
123 107
123 108
124 91
124 92
124 93
124 94
124 95
124 96
124 97
124 98
124 99
124 100
124 101
124 102
124 103
124 104
124 105
124 106
124 107
125 92
125 93
125 94
125 95
125 96
125 97
125 98
125 99
125 100
125 101
125 102
125 103
125 104
125 105
125 106
126 92
126 93
126 94
126 95
126 96
126 97
126 98
126 99
126 100
126 101
126 102
126 103
126 104
126 105
126 106
127 92
127 93
127 94
127 98
127 99
127 100
127 106
