44 100
46 97
46 98
46 99
47 96
47 97
47 101
47 102
47 117
48 95
48 103
48 104
48 107
48 108
48 109
48 110
48 112
48 113
48 114
49 106
49 111
50 105
56 83
56 84
56 86
57 82
58 78
58 81
59 77
59 79
59 87
60 79
60 80
61 75
62 75
63 72
63 73
63 75
64 75
68 92
68 113
68 131
68 132
68 133
71 115
74 69
74 73
75 68
75 79
75 137
76 71
77 70
79 68
79 139
80 67
80 140
81 137
83 44
83 64
84 41
84 42
84 43
84 65
85 39
85 42
85 43
85 200
86 37
86 38
86 39
86 40
86 129
87 34
87 35
87 38
87 39
87 45
87 201
87 204
88 33
88 36
88 63
88 202
88 203
88 204
89 31
89 128
89 204
90 26
90 27
90 184
91 25
91 26
91 46
91 47
91 48
91 50
91 51
91 205
91 207
92 49
92 206
93 24
93 130
93 207
94 21
94 22
94 23
94 51
94 122
94 125
94 126
94 128
94 207
95 19
95 20
95 122
95 207
96 16
96 17
96 18
96 127
97 14
97 15
97 17
98 13
98 14
99 11
99 186
100 12
100 212
101 10
101 154
101 188
101 212
102 9
102 153
102 188
103 8
103 51
103 190
103 191
103 193
104 9
104 49
104 52
104 157
104 188
104 192
104 216
107 191
107 195
107 213
107 214
108 141
109 6
109 215
110 5
110 6
111 7
111 159
111 214
112 175
113 157
115 143
115 145
115 146
115 147
115 157
115 165
115 167
115 170
115 172
115 173
115 174
116 146
116 148
116 158
116 159
116 160
116 163
116 164
116 166
116 168
116 169
116 171
116 172
117 94
118 93
119 147
119 196
120 91
120 176
121 90
121 179
122 89
123 184
124 179
124 180
124 181
124 182
125 62
125 177
126 57
126 178
127 50
127 60
127 120
127 124
127 183
128 53
128 54
128 55
128 56
128 118
128 121
128 122
128 123
129 58
129 120
131 119
135 88
