104 101
104 110
104 119
104 146
104 155
104 173
104 47
104 56
104 65
104 74
104 83
104 92
113 101
113 110
113 119
113 128
113 137
113 146
113 155
113 182
113 191
113 47
113 56
113 65
113 74
113 83
113 92
122 101
122 110
122 119
122 128
122 137
122 146
122 164
122 173
122 182
122 191
122 47
122 56
122 65
122 74
122 83
122 92
131 101
131 128
131 137
131 146
131 38
131 74
131 83
131 92
140 47
140 65
140 74
140 83
149 56
149 65
149 74
14 101
14 110
158 65
23 101
23 110
23 119
32 101
32 110
32 119
32 92
41 101
41 110
41 92
50 101
50 110
50 92
59 101
59 110
59 92
5 110
68 101
68 110
68 74
68 83
68 92
77 101
77 110
77 65
77 74
77 83
77 92
86 101
86 110
86 128
86 164
86 56
86 65
86 74
86 83
86 92
95 101
95 110
95 119
95 128
95 137
95 146
95 155
95 164
95 173
95 47
95 56
95 65
95 74
95 83
95 92
