104 101
104 110
104 119
104 128
104 137
104 92
113 101
113 110
113 119
113 128
113 92
122 101
122 110
122 119
122 128
122 83
122 92
131 101
131 110
131 119
131 74
131 83
131 92
140 101
140 110
140 119
140 128
140 137
140 65
140 74
140 83
140 92
149 101
149 110
149 119
149 137
149 146
149 155
149 164
149 92
158 101
158 110
158 119
158 137
158 146
158 155
158 83
158 92
167 101
167 110
167 119
167 137
167 83
167 92
176 101
176 110
176 119
176 128
176 74
176 83
176 92
185 101
185 110
185 119
185 83
185 92
194 101
194 110
194 119
194 83
194 92
203 101
203 92
212 101
212 110
23 119
32 119
41 110
41 119
50 110
50 119
59 101
59 110
59 119
59 128
59 137
68 101
68 110
68 119
68 128
68 137
68 146
77 101
77 110
77 119
77 128
77 137
77 146
77 155
77 65
77 92
86 101
86 110
86 119
86 128
86 137
86 146
86 155
86 65
86 74
86 83
86 92
95 101
95 110
95 119
95 128
95 137
95 74
95 92
